Iter) Optimum | f(x,y)+r*H(x,y) | step_X  step_Y | f(x) | g1(x)  g2(x)

Супер итерация: 1.

1)  X=1,00000, Y=1,00000 | 5000161,00000 | 5,00E-001  5,00E-001 | 161,00000 | 1,00E+000  2,00E+000
2)  X=-0,50000, Y=0,50000 | 32,24219 | -5,00E-001  -5,00E-001 | 32,24219 | 1,00E+000  2,00E+000
3)  X=-0,75000, Y=0,43750 | 29,55388 | -2,50E-001  -6,25E-002 | 29,55388 | 1,00E+000  2,00E+000
4)  X=-0,87500, Y=0,46875 | 28,89991 | -1,25E-001  3,13E-002 | 28,89991 | 1,00E+000  2,00E+000
5)  X=-0,88281, Y=0,46973 | 28,86169 | -7,81E-003  9,77E-004 | 28,86169 | 1,00E+000  2,00E+000
6)  X=-0,88281, Y=0,46973 | 28,86169 | -2,38E-007  9,54E-007 | 28,86168 | 1,00E+000  2,00E+000
Point X=-0,882812738418579,Y=0,469727516174316
